# Game Level Exporter v1.3
MESH
Floor_Modular
<Matrix 4x4 (1.0000,  0.0000, 0.0000, 0.0000)
            (0.0000,  1.0000, 0.0000, 0.0000)
            (0.0000, -0.0000, 1.0000, 0.0000)
            (0.0000,  0.0000, 0.0000, 1.0000)>
MESH
Floor_Modular.001
<Matrix 4x4 (1.0000,  0.0000, 0.0000, 0.0000)
            (0.0000,  1.0000, 0.0000, 0.0000)
            (0.0000, -0.0000, 1.0000, 0.0000)
            (0.0000,  0.0000, 1.9021, 1.0000)>
MESH
Floor_Modular.002
<Matrix 4x4 (1.0000,  0.0000, 0.0000, 0.0000)
            (0.0000,  1.0000, 0.0000, 0.0000)
            (0.0000, -0.0000, 1.0000, 0.0000)
            (0.0000,  0.0000, 2.0000, 1.0000)>
MESH
Floor_Modular.003
<Matrix 4x4 (1.0000,  0.0000, 0.0000, 0.0000)
            (0.0000,  1.0000, 0.0000, 0.0000)
            (0.0000, -0.0000, 1.0000, 0.0000)
            (2.0000,  0.0000, 2.0000, 1.0000)>
MESH
Floor_Modular.004
<Matrix 4x4 (1.0000,  0.0000, 0.0000, 0.0000)
            (0.0000,  1.0000, 0.0000, 0.0000)
            (0.0000, -0.0000, 1.0000, 0.0000)
            (2.0000,  0.0000, 0.0000, 1.0000)>
MESH
Floor_Modular.005
<Matrix 4x4 (1.0000,  0.0000,  0.0000, 0.0000)
            (0.0000,  1.0000,  0.0000, 0.0000)
            (0.0000, -0.0000,  1.0000, 0.0000)
            (0.0000,  0.0684, -4.0000, 1.0000)>
MESH
Floor_Modular.006
<Matrix 4x4 ( 1.0000,  0.0000,  0.0000, 0.0000)
            ( 0.0000,  1.0000,  0.0000, 0.0000)
            ( 0.0000, -0.0000,  1.0000, 0.0000)
            (-0.0080,  0.0000, -2.0891, 1.0000)>
MESH
Floor_Modular.007
<Matrix 4x4 (1.0000,  0.0000,  0.0000, 0.0000)
            (0.0000,  1.0000,  0.0000, 0.0000)
            (0.0000, -0.0000,  1.0000, 0.0000)
            (0.0000,  0.0684, -2.0000, 1.0000)>
MESH
Floor_Modular.008
<Matrix 4x4 (1.0000,  0.0000,  0.0000, 0.0000)
            (0.0000,  1.0000,  0.0000, 0.0000)
            (0.0000, -0.0000,  1.0000, 0.0000)
            (1.9920,  0.0684, -1.9912, 1.0000)>
MESH
Floor_Modular.009
<Matrix 4x4 (1.0000,  0.0000,  0.0000, 0.0000)
            (0.0000,  1.0000,  0.0000, 0.0000)
            (0.0000, -0.0000,  1.0000, 0.0000)
            (1.9920,  0.0684, -3.9912, 1.0000)>
MESH
Floor_Modular.010
<Matrix 4x4 ( 1.0000,  0.0000,  0.0000, 0.0000)
            ( 0.0000,  1.0000,  0.0000, 0.0000)
            ( 0.0000, -0.0000,  1.0000, 0.0000)
            (-4.0000,  0.0000, -0.0286, 1.0000)>
MESH
Floor_Modular.011
<Matrix 4x4 ( 1.0000,  0.0000, 0.0000, 0.0000)
            ( 0.0000,  1.0000, 0.0000, 0.0000)
            ( 0.0000, -0.0000, 1.0000, 0.0000)
            (-3.8699, -0.0315, 1.8734, 1.0000)>
MESH
Floor_Modular.012
<Matrix 4x4 ( 1.0000,  0.0000, 0.0000, 0.0000)
            ( 0.0000,  1.0000, 0.0000, 0.0000)
            ( 0.0000, -0.0000, 1.0000, 0.0000)
            (-4.0000,  0.0000, 1.9714, 1.0000)>
MESH
Floor_Modular.013
<Matrix 4x4 ( 1.0000,  0.0000, 0.0000, 0.0000)
            ( 0.0000,  1.0000, 0.0000, 0.0000)
            ( 0.0000, -0.0000, 1.0000, 0.0000)
            (-2.0000,  0.0000, 1.9714, 1.0000)>
MESH
Floor_Modular.014
<Matrix 4x4 ( 1.0000,  0.0000,  0.0000, 0.0000)
            ( 0.0000,  1.0000,  0.0000, 0.0000)
            ( 0.0000, -0.0000,  1.0000, 0.0000)
            (-2.0000,  0.0000, -0.0286, 1.0000)>
MESH
Floor_Modular.015
<Matrix 4x4 ( 1.0000,  0.0000,  0.0000, 0.0000)
            ( 0.0000,  1.0000,  0.0000, 0.0000)
            ( 0.0000, -0.0000,  1.0000, 0.0000)
            (-4.0000,  0.0000, -4.0868, 1.0000)>
MESH
Floor_Modular.017
<Matrix 4x4 ( 1.0000,  0.0000,  0.0000, 0.0000)
            ( 0.0000,  1.0000,  0.0000, 0.0000)
            ( 0.0000, -0.0000,  1.0000, 0.0000)
            (-4.0000,  0.0000, -2.0645, 1.0000)>
MESH
Floor_Modular.018
<Matrix 4x4 ( 1.0000,  0.0000,  0.0000, 0.0000)
            ( 0.0000,  1.0000,  0.0000, 0.0000)
            ( 0.0000, -0.0000,  1.0000, 0.0000)
            (-2.0000,  0.0000, -2.0198, 1.0000)>
MESH
Floor_Modular.019
<Matrix 4x4 ( 1.0000,  0.0000,  0.0000, 0.0000)
            ( 0.0000,  1.0000,  0.0000, 0.0000)
            ( 0.0000, -0.0000,  1.0000, 0.0000)
            (-2.0000,  0.0000, -4.0198, 1.0000)>
MESH
Wall_Modular
<Matrix 4x4 ( 1.0000,  0.0000, 0.0000, 0.0000)
            ( 0.0000,  1.0000, 0.0000, 0.0000)
            ( 0.0000, -0.0000, 1.0000, 0.0000)
            (-4.0000,  1.0000, 3.0000, 1.0000)>
MESH
Wall_Modular.001
<Matrix 4x4 ( 1.0000,  0.0000, 0.0000, 0.0000)
            ( 0.0000,  1.0000, 0.0000, 0.0000)
            ( 0.0000, -0.0000, 1.0000, 0.0000)
            (-2.0000,  1.0000, 3.0000, 1.0000)>
MESH
Wall_Modular.002
<Matrix 4x4 ( 1.0000,  0.0000, 0.0000, 0.0000)
            ( 0.0000,  1.0000, 0.0000, 0.0000)
            ( 0.0000, -0.0000, 1.0000, 0.0000)
            (-0.0172,  1.0000, 3.0000, 1.0000)>
MESH
Wall_Modular.003
<Matrix 4x4 (1.0000,  0.0000, 0.0000, 0.0000)
            (0.0000,  1.0000, 0.0000, 0.0000)
            (0.0000, -0.0000, 1.0000, 0.0000)
            (1.9828,  1.0000, 3.0000, 1.0000)>
MESH
Wall_Modular.004
<Matrix 4x4 (-0.0000,  0.0000,  1.0000, 0.0000)
            (-0.0000,  1.0000, -0.0000, 0.0000)
            (-1.0000, -0.0000, -0.0000, 0.0000)
            ( 3.0000,  1.0000,  2.0000, 1.0000)>
MESH
Wall_Modular.005
<Matrix 4x4 (-0.0000,  0.0000,  1.0000, 0.0000)
            (-0.0000,  1.0000, -0.0000, 0.0000)
            (-1.0000, -0.0000, -0.0000, 0.0000)
            ( 3.0000,  1.0000, -4.0000, 1.0000)>
MESH
Wall_Modular.006
<Matrix 4x4 (-0.0000,  0.0000,  1.0000, 0.0000)
            (-0.0000,  1.0000, -0.0000, 0.0000)
            (-1.0000, -0.0000, -0.0000, 0.0000)
            ( 3.0000,  1.0000, -2.0000, 1.0000)>
MESH
Floor_Modular.016
<Matrix 4x4 (1.0000,  0.0000, 0.0000, 0.0000)
            (0.0000,  1.0000, 0.0000, 0.0000)
            (0.0000, -0.0000, 1.0000, 0.0000)
            (0.0000,  0.0000, 0.0000, 1.0000)>
MESH
Wall_Modular.008
<Matrix 4x4 (-0.0000,  0.0000,  1.0000, 0.0000)
            (-0.0000,  1.0000, -0.0000, 0.0000)
            (-1.0000, -0.0000, -0.0000, 0.0000)
            (-5.0000,  1.0000,  2.0000, 1.0000)>
MESH
Wall_Modular.009
<Matrix 4x4 (-0.0000,  0.0000,  1.0000, 0.0000)
            (-0.0000,  1.0000, -0.0000, 0.0000)
            (-1.0000, -0.0000, -0.0000, 0.0000)
            (-5.0000,  1.0000, -4.0000, 1.0000)>
MESH
Wall_Modular.010
<Matrix 4x4 (-0.0000,  0.0000,  1.0000, 0.0000)
            (-0.0000,  1.0000, -0.0000, 0.0000)
            (-1.0000, -0.0000, -0.0000, 0.0000)
            (-5.0000,  1.0000, -2.0000, 1.0000)>
MESH
Wall_Modular.011
<Matrix 4x4 (-0.0000,  0.0000,  1.0000, 0.0000)
            (-0.0000,  1.0000, -0.0000, 0.0000)
            (-1.0000, -0.0000, -0.0000, 0.0000)
            (-5.0000,  1.0000,  0.0000, 1.0000)>
MESH
Wall_Modular.012
<Matrix 4x4 ( 1.0000,  0.0000,  0.0000, 0.0000)
            ( 0.0000,  1.0000,  0.0000, 0.0000)
            ( 0.0000, -0.0000,  1.0000, 0.0000)
            (-4.0000,  0.9716, -4.8408, 1.0000)>
MESH
Wall_Modular.013
<Matrix 4x4 ( 1.0000,  0.0000,  0.0000, 0.0000)
            ( 0.0000,  1.0000,  0.0000, 0.0000)
            ( 0.0000, -0.0000,  1.0000, 0.0000)
            (-2.0000,  0.9716, -4.8408, 1.0000)>
MESH
Wall_Modular.015
<Matrix 4x4 (1.0000,  0.0000,  0.0000, 0.0000)
            (0.0000,  1.0000,  0.0000, 0.0000)
            (0.0000, -0.0000,  1.0000, 0.0000)
            (1.9828,  0.9716, -4.8408, 1.0000)>
MESH
Arch_Door
<Matrix 4x4 ( 0.8403,  0.0000,  0.0000, 0.0000)
            ( 0.0000,  0.6400,  0.0000, 0.0000)
            ( 0.0000, -0.0000,  1.0000, 0.0000)
            (-0.0028,  0.0000, -5.0300, 1.0000)>
MESH
Arch_Door.001
<Matrix 4x4 (-0.0000,  0.0000,  0.8403, 0.0000)
            (-0.0000,  0.6400, -0.0000, 0.0000)
            (-1.0000, -0.0000, -0.0000, 0.0000)
            ( 2.9470,  0.0000, -0.0300, 1.0000)>
MESH
Chest
<Matrix 4x4 ( 1.0000,  0.0000, 0.0000, 0.0000)
            ( 0.0000,  1.0000, 0.0000, 0.0000)
            ( 0.0000, -0.0000, 1.0000, 0.0000)
            (-3.7740,  0.0000, 1.5000, 1.0000)>
MESH
Chest.001
<Matrix 4x4 (1.0000,  0.0000, 0.0000, 0.0000)
            (0.0000,  1.0000, 0.0000, 0.0000)
            (0.0000, -0.0000, 1.0000, 0.0000)
            (1.7566,  0.0000, 1.5000, 1.0000)>
MESH
Barrel
<Matrix 4x4 ( 1.0000,  0.0000,  0.0000, 0.0000)
            ( 0.0000,  1.0000,  0.0000, 0.0000)
            ( 0.0000, -0.0000,  1.0000, 0.0000)
            (-4.1844,  0.0000, -3.6039, 1.0000)>
MESH
Barrel.001
<Matrix 4x4 ( 1.0000,  0.0000,  0.0000, 0.0000)
            ( 0.0000,  1.0000,  0.0000, 0.0000)
            ( 0.0000, -0.0000,  1.0000, 0.0000)
            (-4.1844,  0.0000, -2.6039, 1.0000)>
MESH
Barrel.002
<Matrix 4x4 ( 1.0000,  0.0000,  0.0000, 0.0000)
            ( 0.0000,  1.0000,  0.0000, 0.0000)
            ( 0.0000, -0.0000,  1.0000, 0.0000)
            (-3.1844,  0.0000, -3.0293, 1.0000)>
MESH
Chest_Gold
<Matrix 4x4 ( 1.0000,  0.0000, 0.0000, 0.0000)
            ( 0.0000,  1.0000, 0.0000, 0.0000)
            ( 0.0000, -0.0000, 1.0000, 0.0000)
            (-1.2460,  0.0000, 1.5000, 1.0000)>
MESH
Sword_WallMount
<Matrix 4x4 ( 1.0000,  0.0000, 0.0000, 0.0000)
            ( 0.0000,  1.0000, 0.0000, 0.0000)
            ( 0.0000, -0.0000, 1.0000, 0.0000)
            (-2.7009,  0.9301, 2.6926, 1.0000)>
MESH
Sword_WallMount.001
<Matrix 4x4 (1.0000,  0.0000, 0.0000, 0.0000)
            (0.0000,  1.0000, 0.0000, 0.0000)
            (0.0000, -0.0000, 1.0000, 0.0000)
            (0.2991,  0.9301, 2.6926, 1.0000)>
MESH
Crate
<Matrix 4x4 ( 0.5000,  0.0000,  0.0000, 0.0000)
            ( 0.0000,  0.5000,  0.0000, 0.0000)
            ( 0.0000, -0.0000,  0.5000, 0.0000)
            (-2.2488,  0.1000, -4.2000, 1.0000)>
MESH
Crate.001
<Matrix 4x4 ( 0.5000,  0.0000,  0.0000, 0.0000)
            ( 0.0000,  0.5000,  0.0000, 0.0000)
            ( 0.0000, -0.0000,  0.5000, 0.0000)
            (-1.4783,  0.1000, -4.2000, 1.0000)>
MESH
Crate.002
<Matrix 4x4 ( 0.5000,  0.0000,  0.0000, 0.0000)
            ( 0.0000,  0.5000,  0.0000, 0.0000)
            ( 0.0000, -0.0000,  0.5000, 0.0000)
            (-1.8258,  0.7500, -4.2000, 1.0000)>
MESH
Table_Small
<Matrix 4x4 (0.6820,  0.0000, -0.7314, 0.0000)
            (0.0000,  1.0000,  0.0000, 0.0000)
            (0.7314, -0.0000,  0.6820, 0.0000)
            (1.1554,  0.1475, -2.9008, 1.0000)>
MESH
Chair
<Matrix 4x4 (-0.7071,  0.0000, -0.7071, 0.0000)
            ( 0.0000,  1.0000, -0.0000, 0.0000)
            ( 0.7071, -0.0000, -0.7071, 0.0000)
            ( 1.5799,  0.0772, -3.9355, 1.0000)>
MESH
Chair.001
<Matrix 4x4 (-0.7071,  0.0000, -0.7071, 0.0000)
            ( 0.0000,  1.0000, -0.0000, 0.0000)
            ( 0.7071, -0.0000, -0.7071, 0.0000)
            ( 2.2596,  0.0772, -3.2681, 1.0000)>
MESH
Skull
<Matrix 4x4 (1.0000,  0.0000,  0.0000, 0.0000)
            (0.0000,  1.0000,  0.0000, 0.0000)
            (0.0000, -0.0000,  1.0000, 0.0000)
            (1.1208,  0.9870, -2.7184, 1.0000)>
MESH
Skull.001
<Matrix 4x4 (-0.5878,  0.0000, -0.8090, 0.0000)
            ( 0.0000,  1.0000, -0.0000, 0.0000)
            ( 0.8090, -0.0000, -0.5878, 0.0000)
            (-3.2374,  1.2713, -3.0362, 1.0000)>
LIGHT
Light
<Matrix 4x4 (-0.2909, -0.0552,  0.9552, 0.0000)
            (-0.7711,  0.6045, -0.1999, 0.0000)
            (-0.5664, -0.7947, -0.2184, 0.0000)
            ( 4.0762,  5.9039,  1.0055, 1.0000)>
LIGHT
Light.001
<Matrix 4x4 (-0.2909, -0.0552,  0.9552, 0.0000)
            (-0.7711,  0.6045, -0.1999, 0.0000)
            (-0.5664, -0.7947, -0.2184, 0.0000)
            (-3.9238,  5.9039,  1.0055, 1.0000)>
